@C000
86 43 00 00 87 43 00 00 08 45 09 43 04 93 0B 24 
14 B3 04 24 86 58 00 00 87 69 00 00 08 58 09 69 
12 C3 04 10 F3 3F 30 41 85 46 00 00 06 93 03 34 
B4 43 00 00 02 3C 84 43 00 00 30 41 85 86 00 00 
84 73 00 00 30 41 85 56 00 00 84 63 00 00 30 41 
B5 E3 00 00 B4 E3 00 00 95 53 00 00 84 63 00 00 
30 41 47 43 84 93 00 00 09 34 77 E3 B5 E3 00 00 
B4 E3 00 00 95 53 00 00 84 63 00 00 06 93 03 34 
77 E3 36 E3 16 53 29 44 28 45 84 43 00 00 85 43 
00 00 06 93 0B 24 16 B3 04 24 85 58 00 00 84 69 
00 00 08 58 09 69 12 C3 06 10 F3 3F 47 93 08 24 
B5 E3 00 00 B4 E3 00 00 95 53 00 00 84 63 00 00 
30 41 0C 43 86 93 00 00 09 34 B7 E3 00 00 B6 E3 
00 00 97 53 00 00 86 63 00 00 1C 43 84 93 00 00 
09 34 B5 E3 00 00 B4 E3 00 00 95 53 00 00 84 63 
00 00 3C E3 0B 43 0A 43 09 43 18 43 A5 55 00 00 
A4 64 00 00 0A 6A 0B 6B 86 9B 00 00 04 38 2B 96 
04 20 2A 97 02 28 2A 87 2B 76 08 68 09 69 EE 2B 
1C B3 04 24 38 E3 39 E3 18 53 09 63 2C B3 04 24 
3A E3 3B E3 1A 53 0B 63 84 49 00 00 85 48 00 00 
86 4B 00 00 87 4A 00 00 30 41 06 93 04 24 24 11 
25 10 16 83 FA 3F 30 41 84 93 00 00 08 34 B5 E3 
00 00 B4 E3 00 00 95 53 00 00 84 63 00 00 30 41 
85 87 00 00 84 76 00 00 30 41 A2 93 2E 01 1E 20 
B2 B2 64 01 15 24 C2 93 00 02 04 24 92 42 74 01 
02 02 06 3C 92 42 74 01 04 02 B1 C0 18 00 00 00 
D2 E3 00 02 C2 93 01 02 02 24 C2 43 01 02 06 3C 
C2 93 01 02 03 20 92 42 74 01 06 02 00 13 B2 40 
80 5A 20 01 F2 42 53 00 F2 D0 03 00 22 00 F2 C0 
03 00 21 00 F2 93 FD 10 FD 27 C2 43 56 00 D2 42 
FD 10 57 00 D2 42 FC 10 56 00 E2 D3 2A 00 E2 D3 
2E 00 E2 C2 22 00 E2 D2 26 00 B2 40 51 00 92 01 
B2 40 15 00 94 01 B2 D0 E0 00 84 01 B2 40 14 01 
80 01 B2 40 10 C9 64 01 B2 D0 24 02 60 01 D2 43 
00 02 D2 43 01 02 C2 43 14 02 32 D0 18 00 03 43 
C2 93 14 02 02 20 E2 E3 21 00 D2 53 14 02 A2 B3 
64 01 01 24 FF 3F 1F 42 04 02 1F 82 02 02 82 4F 
08 02 1F 42 06 02 1F 82 02 02 82 4F 0A 02 34 40 
0E 02 35 40 0C 02 16 42 0A 02 B0 12 28 C0 34 40 
0E 02 35 40 0C 02 36 40 64 00 B0 12 62 C0 34 40 
12 02 35 40 10 02 16 42 08 02 B0 12 28 C0 34 40 
0E 02 35 40 0C 02 36 40 12 02 37 40 10 02 B0 12 
C2 C0 82 93 0E 02 04 20 B2 90 19 00 0C 02 03 24 
D2 D3 21 00 02 3C D2 C3 21 00 B7 3F 30 41 31 40 
00 04 B0 12 BE C1 32 D0 10 00 FD 3F 
@FFE0
C6 C2 C6 C2 C6 C2 C6 C2 C6 C2 C6 C2 C6 C2 C6 C2 
7A C1 C6 C2 C6 C2 C6 C2 C6 C2 C6 C2 C6 C2 BE C2 
q
