@F800
75 90 0A 00 05 2C 06 45 76 50 30 00 44 46 0C 3C 
75 90 10 00 07 2C 06 45 76 80 0A 00 76 50 41 00 
44 46 02 3C 74 40 3F 00 30 41 14 83 FE 23 30 41 
D2 C3 21 00 07 44 17 93 13 38 C2 93 7B 00 FD 23 
E2 45 7C 00 15 53 F2 42 7B 00 D2 B3 79 00 FD 27 
06 93 04 24 D6 42 7C 00 00 00 16 53 37 53 EB 3F 
D2 D3 21 00 30 41 C2 43 00 02 F2 D0 10 00 21 00 
24 42 B0 12 2A F8 F2 C0 10 00 21 00 30 41 F2 D0 
10 00 21 00 30 41 F2 C0 10 00 21 00 30 41 D2 43 
00 02 30 41 D2 43 00 02 30 41 86 43 00 00 87 43 
00 00 08 45 09 43 04 93 0B 24 14 B3 04 24 86 58 
00 00 87 69 00 00 08 58 09 69 12 C3 04 10 F3 3F 
30 41 85 46 00 00 06 93 03 34 B4 43 00 00 02 3C 
84 43 00 00 30 41 85 86 00 00 84 73 00 00 30 41 
85 56 00 00 84 63 00 00 30 41 B5 E3 00 00 B4 E3 
00 00 95 53 00 00 84 63 00 00 30 41 47 43 84 93 
00 00 09 34 77 E3 B5 E3 00 00 B4 E3 00 00 95 53 
00 00 84 63 00 00 06 93 03 34 77 E3 36 E3 16 53 
29 44 28 45 84 43 00 00 85 43 00 00 06 93 0B 24 
16 B3 04 24 85 58 00 00 84 69 00 00 08 58 09 69 
12 C3 06 10 F3 3F 47 93 08 24 B5 E3 00 00 B4 E3 
00 00 95 53 00 00 84 63 00 00 30 41 0C 43 86 93 
00 00 09 34 B7 E3 00 00 B6 E3 00 00 97 53 00 00 
86 63 00 00 1C 43 84 93 00 00 09 34 B5 E3 00 00 
B4 E3 00 00 95 53 00 00 84 63 00 00 3C E3 0B 43 
0A 43 09 43 18 43 A5 55 00 00 A4 64 00 00 0A 6A 
0B 6B 86 9B 00 00 04 38 2B 96 04 20 2A 97 02 28 
2A 87 2B 76 08 68 09 69 EE 2B 1C B3 04 24 38 E3 
39 E3 18 53 09 63 2C B3 04 24 3A E3 3B E3 1A 53 
0B 63 84 49 00 00 85 48 00 00 86 4B 00 00 87 4A 
00 00 30 41 06 93 04 24 24 11 25 10 16 83 FA 3F 
30 41 84 93 00 00 08 34 B5 E3 00 00 B4 E3 00 00 
95 53 00 00 84 63 00 00 30 41 85 87 00 00 84 76 
00 00 30 41 20 33 53 43 48 4F 00 00 07 12 06 12 
05 12 04 12 F2 B2 23 00 28 24 F2 40 27 00 18 02 
F2 40 70 00 19 02 24 43 35 40 32 02 36 40 34 02 
B0 12 30 F8 F2 B0 10 00 34 02 13 24 F2 40 E1 00 
32 02 14 43 35 40 32 02 36 40 34 02 B0 12 30 F8 
F2 42 32 02 24 43 35 40 32 02 36 40 34 02 B0 12 
30 F8 F2 C2 23 00 B0 12 8E F8 34 41 35 41 36 41 
37 41 00 13 A2 C2 B0 01 B1 C0 F0 00 00 00 00 13 
B1 C0 F0 00 00 00 00 13 B2 40 80 5A 20 01 D2 43 
21 00 F2 40 11 00 22 00 F2 40 06 00 27 00 F2 42 
24 00 C2 43 23 00 F2 42 25 00 C2 43 29 00 F2 C0 
C0 00 2E 00 C2 43 2A 00 F2 40 C0 00 2F 00 C2 43 
2C 00 C2 43 2B 00 C2 43 58 00 F2 93 FF 10 08 24 
C2 43 56 00 D2 42 FF 10 57 00 D2 42 FE 10 56 00 
F2 D0 B0 00 57 00 F2 40 24 00 53 00 A2 C3 B0 01 
B2 40 78 38 B0 01 B2 40 60 A0 B2 01 34 40 10 27 
B0 12 2A F8 A2 D3 B0 01 D2 D3 78 00 F2 40 EB 00 
78 00 F2 40 81 00 79 00 F2 40 48 00 7A 00 D2 C3 
78 00 E2 C3 02 00 34 40 11 00 B0 12 2A F8 E2 B3 
02 00 F7 23 D2 C3 02 00 D2 D3 00 00 32 D2 B2 40 
14 5A 20 01 F2 43 7C 00 F2 40 07 00 7B 00 D2 B3 
79 00 FD 27 34 40 05 0D B0 12 2A F8 F2 40 20 00 
18 02 F2 40 0E 00 19 02 24 43 35 40 18 02 36 40 
22 02 B0 12 30 F8 34 40 05 0D B0 12 2A F8 F2 40 
E1 00 18 02 14 43 35 40 18 02 36 40 22 02 B0 12 
30 F8 F2 40 27 00 18 02 F2 40 70 00 19 02 24 43 
35 40 18 02 36 40 22 02 B0 12 30 F8 F2 40 25 00 
18 02 F2 40 6E 00 19 02 24 43 35 40 18 02 36 40 
22 02 B0 12 30 F8 3F 40 03 00 3E 40 14 FA 3D 40 
18 02 BD 4E 00 00 2D 53 1F 83 FB 23 F2 40 30 00 
18 02 34 40 06 00 35 40 18 02 36 40 22 02 B0 12 
30 F8 F2 40 2A 00 18 02 34 40 06 00 35 40 18 02 
36 40 22 02 B0 12 30 F8 F2 40 26 00 18 02 F2 40 
22 00 19 02 24 43 35 40 18 02 36 40 22 02 B0 12 
30 F8 F2 40 24 00 18 02 F2 40 31 00 19 02 24 43 
35 40 18 02 36 40 22 02 B0 12 30 F8 82 43 2A 02 
B2 D0 30 00 B0 01 34 40 11 00 B0 12 2A F8 82 43 
16 02 A2 D3 B0 01 B2 90 0A 00 16 02 05 34 92 D3 
B0 01 32 D0 50 00 F7 3F A2 C3 B0 01 B2 C0 30 00 
B0 01 B2 42 2C 02 92 93 2C 02 0A 38 1F 42 2C 02 
0F 5F 3F 50 02 02 A2 5F 2A 02 B2 53 2C 02 F3 3F 
34 40 30 02 35 40 2E 02 16 42 2A 02 B0 12 C2 F8 
34 40 30 02 35 40 2E 02 36 40 2B 0C B0 12 D6 F8 
34 40 30 02 35 40 2E 02 36 40 54 02 B0 12 FC F8 
34 40 30 02 35 40 2E 02 36 40 0A 00 B0 12 E4 F9 
C2 93 00 02 2D 24 B2 40 26 02 28 02 B2 40 10 00 
2C 02 A2 82 2C 02 1F 42 28 02 14 42 2E 02 34 F0 
0F 00 05 44 B0 12 00 F8 CF 44 00 00 12 11 2E 02 
12 11 2E 02 12 11 2E 02 12 11 2E 02 92 83 28 02 
82 93 2C 02 E6 27 F2 40 A0 00 22 02 34 40 05 00 
35 40 22 02 36 40 22 02 B0 12 30 F8 B0 12 66 F8 
32 D0 50 00 83 3F 30 41 31 40 80 02 B0 12 94 F8 
B0 12 98 FA 32 D0 10 00 FD 3F 
@FFE0
54 FD 54 FD 1C FA 54 FD 54 FD 84 FA 54 FD 54 FD 
54 FD 54 FD 90 FA 54 FD 54 FD 54 FD 54 FD 48 FD 
q
