@C000
14 83 FE 23 30 41 08 00 FF FF FF FF FF FF 36 00 
FF FF FF FF FF FF 04 00 FF FF FF FF FF FF 04 00 
FF FF FF FF FF FF 1C 00 FF FF FF FF FF FF 08 00 
FF FF FF FF FF FF 1A 44 04 00 DA C4 06 00 00 00 
09 46 0A 43 0A 99 1A 34 1A 44 0C 00 DA B4 0E 00 
00 00 FA 27 1A 44 14 00 EA 47 00 00 17 53 1A 44 
10 00 DA B4 12 00 00 00 FA 23 08 93 05 24 1A 44 
16 00 E8 4A 00 00 18 53 19 83 E3 3F 1A 44 04 00 
DA D4 06 00 00 00 30 41 84 93 08 00 22 24 56 43 
B4 90 20 00 08 00 04 20 D2 D4 0A 00 00 02 09 3C 
B4 90 28 00 08 00 04 20 D2 D4 0A 00 01 02 01 3C 
46 43 46 93 0E 24 17 44 08 00 58 44 0A 00 C7 C8 
02 00 C7 C8 07 00 C7 C8 03 00 C7 D8 04 00 C7 D8 
05 00 30 41 31 80 0C 00 F1 40 0D 00 01 00 F1 40 
20 00 00 00 14 41 0E 00 15 41 10 00 26 43 07 41 
08 43 B0 12 36 C0 C1 43 00 00 14 41 0E 00 15 41 
10 00 26 43 07 41 08 41 38 50 06 00 B0 12 36 C0 
D1 91 01 00 07 00 E3 23 31 50 0C 00 30 41 31 80 
0C 00 1F 41 0E 00 1F 4F 1A 00 E1 4F 01 00 F1 40 
20 00 00 00 14 41 0E 00 15 41 10 00 26 43 07 41 
08 43 B0 12 36 C0 C1 43 00 00 14 41 0E 00 15 41 
10 00 26 43 07 41 08 41 38 50 06 00 B0 12 36 C0 
D1 91 01 00 07 00 E3 23 34 40 2A 68 B0 12 00 C0 
31 50 0C 00 30 41 31 80 0E 00 1F 41 10 00 1F 4F 
1A 00 0E 43 5E 9F 04 00 39 2D 1F 41 10 00 1F 4F 
1A 00 3E 40 06 00 5E 9F 04 00 30 29 34 40 2A 68 
B0 12 00 C0 11 12 14 00 11 12 14 00 B0 12 D4 C0 
21 52 F1 40 E2 00 00 00 14 41 10 00 15 41 12 00 
16 43 07 41 08 43 B0 12 36 C0 F1 40 E1 00 00 00 
14 41 10 00 15 41 12 00 16 43 07 41 08 43 B0 12 
36 C0 F1 40 27 00 00 00 F1 40 70 00 01 00 14 41 
10 00 15 41 12 00 26 43 07 41 08 43 B0 12 36 C0 
F1 40 25 00 00 00 1F 41 10 00 1F 4F 1A 00 D1 4F 
01 00 01 00 14 41 10 00 15 41 12 00 26 43 07 41 
08 43 B0 12 36 C0 F1 40 22 00 00 00 D1 43 01 00 
1F 41 10 00 1F 4F 1A 00 5F 4F 04 00 5F 53 5F 83 
04 24 D1 51 01 00 01 00 FA 3F D1 83 01 00 14 41 
10 00 15 41 12 00 26 43 07 41 08 43 B0 12 36 C0 
C1 43 08 00 1F 41 10 00 1F 4F 1A 00 5F 4F 04 00 
5F 83 81 4F 06 00 81 43 0A 00 3F 40 2A 00 1F 51 
06 00 C1 4F 00 00 1F 41 10 00 1F 4F 1A 00 1E 41 
06 00 0E 5E 0E 5E 0E 5E 0E 5F 1F 41 0A 00 0F 5E 
D1 4F 08 00 0C 00 91 53 0A 00 C1 93 0C 00 06 24 
1F 41 0A 00 0F 51 DF 41 0C 00 00 00 C1 93 0C 00 
E2 23 14 41 10 00 15 41 12 00 16 41 0A 00 07 41 
08 43 B0 12 36 C0 1F 41 10 00 1F 4F 1A 00 FF 90 
0E 00 00 00 10 20 81 93 06 00 0D 20 F1 40 30 00 
00 00 14 41 10 00 15 41 12 00 16 41 0A 00 07 41 
08 43 B0 12 36 C0 3F 40 31 00 1F 51 06 00 C1 4F 
00 00 1F 41 10 00 1F 4F 1A 00 1E 41 06 00 0E 5E 
0E 5E 0E 5E 0E 5F D1 4E 06 00 09 00 D1 41 09 00 
01 00 14 41 10 00 15 41 12 00 26 43 07 41 08 43 
B0 12 36 C0 D1 51 08 00 08 00 C1 93 09 00 02 20 
D1 53 08 00 91 83 06 00 8E 37 F1 40 3C 00 00 00 
D1 41 08 00 01 00 14 41 10 00 15 41 12 00 26 43 
07 41 08 43 B0 12 36 C0 F1 40 3D 00 00 00 1F 41 
10 00 1F 4F 1A 00 D1 4F 03 00 01 00 C1 93 08 00 
02 24 E1 D2 01 00 14 41 10 00 15 41 12 00 26 43 
07 41 08 43 B0 12 36 C0 F1 40 26 00 00 00 1F 41 
10 00 1F 4F 1A 00 D1 4F 02 00 01 00 14 41 10 00 
15 41 12 00 26 43 07 41 08 43 B0 12 36 C0 1F 41 
10 00 1F 4F 1A 00 FF 90 0E 00 00 00 0F 20 F1 40 
24 00 00 00 F1 40 63 00 01 00 14 41 10 00 15 41 
12 00 26 43 07 41 08 43 B0 12 36 C0 31 50 0E 00 
30 41 84 93 18 00 04 24 17 44 18 00 C7 43 00 00 
27 44 D7 D4 02 00 00 00 36 40 40 00 16 83 FE 23 
27 44 D7 C4 02 00 00 00 30 41 26 44 D6 D4 02 00 
00 00 30 41 26 44 D6 C4 02 00 00 00 30 41 C2 43 
00 02 C2 43 01 02 30 41 38 00 FF FF FF FF FF FF 
92 00 FF FF FF FF FF FF 84 45 00 00 84 46 02 00 
84 43 06 00 C4 43 04 00 84 43 8E 00 84 47 90 00 
30 41 F1 90 7E 00 02 00 3A 20 1F 41 04 00 CF 93 
04 00 0D 24 1F 41 04 00 CF 43 04 00 1F 41 04 00 
8F 43 06 00 1F 41 04 00 8F 43 8E 00 1F 3C 1F 41 
04 00 9F 93 8E 00 1A 20 1F 41 04 00 0E 43 1E 9F 
06 00 14 34 1F 41 04 00 1F 12 02 00 11 12 08 00 
1F 41 08 00 30 12 41 00 3F 52 0F 12 1F 41 0C 00 
1F 12 06 00 91 12 0A 00 31 50 0A 00 1F 41 04 00 
8F 43 06 00 1F 41 04 00 9F 43 8E 00 2D 3C F1 90 
7D 00 02 00 05 20 1F 41 04 00 DF 43 04 00 24 3C 
1F 41 04 00 CF 93 04 00 07 24 1F 41 04 00 CF 43 
04 00 F1 E0 20 00 02 00 1F 41 04 00 1E 41 04 00 
1E 4E 06 00 0E 5F DE 41 02 00 08 00 1F 41 04 00 
9F 53 06 00 1F 41 04 00 BF 90 40 00 06 00 04 20 
1F 41 04 00 8F 43 06 00 30 41 1F 41 02 00 2F 12 
11 12 06 00 30 12 7E 00 91 12 06 00 31 50 06 00 
30 41 1F 41 02 00 2F 12 11 12 06 00 30 12 7E 00 
91 12 06 00 31 50 06 00 30 41 F1 90 7D 00 02 00 
04 24 F1 90 7E 00 02 00 0E 20 1F 41 04 00 2F 12 
11 12 08 00 30 12 7D 00 91 12 06 00 31 50 06 00 
F1 E0 20 00 02 00 1F 41 04 00 2F 12 11 12 08 00 
51 12 08 00 91 12 06 00 31 50 06 00 30 41 21 83 
81 43 00 00 91 91 04 00 00 00 0D 34 11 12 0C 00 
1F 41 02 00 1F 51 08 00 6F 12 B0 12 7A C5 21 52 
91 53 00 00 EF 3F 21 53 30 41 21 83 B1 43 00 00 
91 53 00 00 11 12 0A 00 1F 41 02 00 1F 51 06 00 
6F 12 B0 12 7A C5 21 52 2F 41 1F 51 04 00 CF 93 
00 00 EE 23 21 53 30 41 11 12 0A 00 B0 12 4A C5 
21 53 11 12 0A 00 11 12 0A 00 11 12 0A 00 11 12 
0A 00 B0 12 BE C5 31 52 11 12 0A 00 B0 12 62 C5 
21 53 30 41 1F 41 04 00 BF 90 40 00 8C 00 0E 34 
1F 41 04 00 1E 41 04 00 1E 4E 8C 00 0E 5F DE 41 
02 00 4A 00 1F 41 04 00 9F 53 8C 00 30 41 B4 40 
44 C6 00 00 84 43 8C 00 30 41 14 41 08 00 B0 12 
6E C6 11 12 0A 00 11 12 0A 00 11 12 0A 00 11 12 
0A 00 B0 12 18 C6 31 52 30 41 04 43 05 93 07 24 
15 B3 01 24 04 56 06 56 12 C3 05 10 F7 3F 30 41 
09 43 06 93 03 34 36 E3 16 53 19 43 05 93 03 34 
35 E3 15 53 39 E3 08 43 14 43 05 55 08 68 08 96 
01 28 08 86 04 64 F9 2B 19 B3 02 24 34 E3 14 53 
29 B3 02 24 38 E3 18 53 57 93 01 20 04 48 30 41 
06 95 10 38 24 43 08 46 18 53 18 83 02 24 04 54 
FC 3F 17 43 08 45 18 53 18 83 02 24 07 57 FC 3F 
04 87 01 3C 04 43 30 41 21 82 81 43 00 00 1F 41 
06 00 1F 51 08 00 FF 90 2D 00 00 00 05 20 D1 43 
02 00 91 53 06 00 02 3C C1 43 02 00 1F 41 06 00 
1F 51 08 00 FF 90 30 00 00 00 1C 28 1F 41 06 00 
1F 51 08 00 3E 40 39 00 6E 9F 14 28 2F 41 0F 5F 
0E 4F 0E 5E 0E 5E 0F 5E 81 4F 00 00 1F 41 06 00 
1F 51 08 00 6F 4F 7F 80 30 00 81 5F 00 00 91 53 
06 00 DC 3F C1 93 02 00 04 24 B1 E3 00 00 91 53 
00 00 2F 41 21 52 30 41 11 12 06 00 11 12 06 00 
03 12 B0 12 18 C7 31 50 06 00 30 41 86 43 00 00 
87 43 00 00 08 45 09 43 04 93 0B 24 14 B3 04 24 
86 58 00 00 87 69 00 00 08 58 09 69 12 C3 04 10 
F3 3F 30 41 85 46 00 00 06 93 03 34 B4 43 00 00 
02 3C 84 43 00 00 30 41 85 86 00 00 84 73 00 00 
30 41 85 56 00 00 84 63 00 00 30 41 B5 E3 00 00 
B4 E3 00 00 95 53 00 00 84 63 00 00 30 41 47 43 
84 93 00 00 09 34 57 E3 B5 E3 00 00 B4 E3 00 00 
95 53 00 00 84 63 00 00 06 93 03 34 57 E3 36 E3 
16 53 29 44 28 45 84 43 00 00 85 43 00 00 06 93 
0A 24 12 C3 06 10 04 28 85 58 00 00 84 69 00 00 
08 58 09 69 F4 3F 47 93 08 24 B5 E3 00 00 B4 E3 
00 00 95 53 00 00 84 63 00 00 30 41 48 43 84 93 
00 00 09 34 58 E3 B5 E3 00 00 B4 E3 00 00 95 53 
00 00 84 63 00 00 06 93 05 34 58 E3 37 E3 36 E3 
17 53 06 63 2A 44 29 45 84 43 00 00 85 43 00 00 
06 93 0D 24 07 93 0B 24 12 C3 06 10 07 10 04 28 
85 59 00 00 84 6A 00 00 09 59 0A 6A F1 3F 48 93 
08 24 B5 E3 00 00 B4 E3 00 00 95 53 00 00 84 63 
00 00 30 41 0C 43 86 93 00 00 09 34 B7 E3 00 00 
B6 E3 00 00 97 53 00 00 86 63 00 00 1C 43 84 93 
00 00 09 34 B5 E3 00 00 B4 E3 00 00 95 53 00 00 
84 63 00 00 3C E3 0B 43 0A 43 09 43 18 43 A5 55 
00 00 A4 64 00 00 0A 6A 0B 6B 86 9B 00 00 04 38 
2B 96 04 20 2A 97 02 28 2A 87 2B 76 08 68 09 69 
EE 2B 1C B3 04 24 38 E3 39 E3 18 53 09 63 2C B3 
04 24 3A E3 3B E3 1A 53 0B 63 84 49 00 00 85 48 
00 00 86 4B 00 00 87 4A 00 00 30 41 06 93 04 24 
24 11 25 10 16 83 FA 3F 30 41 84 93 00 00 08 34 
B5 E3 00 00 B4 E3 00 00 95 53 00 00 84 63 00 00 
30 41 85 87 00 00 84 76 00 00 30 41 06 88 05 77 
02 34 34 43 06 3C 04 20 06 93 02 20 04 43 01 3C 
14 43 30 41 21 82 1F 41 0A 00 1F 51 06 00 CF 43 
00 00 91 83 0A 00 81 43 00 00 B1 40 0A 00 02 00 
04 41 34 50 0E 00 05 41 35 50 0C 00 06 41 07 41 
27 53 B0 12 D4 C8 1F 41 0A 00 1F 51 06 00 1E 41 
02 00 3E 50 30 00 CF 4E 00 00 91 83 0A 00 06 38 
81 93 0E 00 03 24 81 93 0C 00 DD 23 81 93 0A 00 
0A 38 1F 41 0A 00 1F 51 06 00 FF 40 20 00 00 00 
91 83 0A 00 F3 3F 21 52 30 41 21 82 1F 41 0A 00 
1F 51 06 00 CF 43 00 00 91 83 0A 00 81 93 0C 00 
09 34 D1 43 02 00 1F 41 0C 00 3F E3 1F 53 81 4F 
0C 00 02 3C C1 43 02 00 15 41 0C 00 36 40 0A 00 
17 43 B0 12 B0 C6 81 44 00 00 15 41 0C 00 36 40 
0A 00 07 43 B0 12 B0 C6 81 44 0C 00 1F 41 0A 00 
1F 51 06 00 2E 41 3E 50 30 00 CF 4E 00 00 91 83 
0A 00 03 38 81 93 0C 00 DF 23 C1 93 02 00 0C 24 
81 93 0A 00 09 38 1F 41 0A 00 1F 51 06 00 FF 40 
2D 00 00 00 91 83 0A 00 81 93 0A 00 0A 38 1F 41 
0A 00 1F 51 06 00 FF 40 20 00 00 00 91 83 0A 00 
F3 3F 21 52 30 41 00 00 00 00 00 00 00 5F 00 00 
00 07 00 07 00 14 7F 14 7F 14 24 2A 7F 2A 12 23 
13 08 64 62 36 49 55 22 50 00 05 03 00 00 00 1C 
22 41 00 00 41 22 1C 00 14 08 3E 08 14 08 08 3E 
08 08 00 50 30 00 00 08 08 08 08 08 00 60 60 00 
00 20 10 08 04 02 3E 51 49 45 3E 00 42 7F 40 00 
42 61 51 49 46 21 41 45 4B 31 18 14 12 7F 10 27 
45 45 45 39 3C 4A 49 49 30 01 71 09 05 03 36 49 
49 49 36 06 49 49 29 1E 00 36 36 00 00 00 56 36 
00 00 08 14 22 41 00 14 14 14 14 14 00 41 22 14 
08 02 01 51 09 06 32 49 79 41 3E 7E 11 11 11 7E 
7F 49 49 49 36 3E 41 41 41 22 7F 41 41 22 1C 7F 
49 49 49 41 7F 09 09 09 01 3E 41 49 49 7A 7F 08 
08 08 7F 00 41 7F 41 00 20 40 41 3F 01 7F 08 14 
22 41 7F 40 40 40 40 7F 02 0C 02 7F 7F 04 08 10 
7F 3E 41 41 41 3E 7F 09 09 09 06 3E 41 51 21 5E 
7F 09 19 29 46 46 49 49 49 31 01 01 7F 01 01 3F 
40 40 40 3F 1F 20 40 20 1F 3F 40 38 40 3F 63 14 
08 14 63 07 08 70 08 07 61 51 49 45 43 00 7F 41 
41 00 02 04 08 10 20 00 41 41 7F 00 14 3E 55 41 
22 40 40 40 40 40 00 06 09 09 06 20 54 54 54 78 
7F 48 44 44 38 38 44 44 44 20 38 44 44 48 7F 38 
54 54 54 18 08 7E 09 01 02 0C 52 52 52 3E 7F 08 
04 04 78 00 44 7D 40 00 20 40 44 3D 00 7F 10 28 
44 00 00 41 7F 40 00 7C 04 18 04 78 7C 08 04 04 
78 38 44 44 44 38 7C 14 14 14 08 08 14 14 18 7C 
7C 08 04 04 08 48 54 54 54 20 04 3F 44 40 20 3C 
40 40 20 7C 1C 20 40 20 1C 3C 40 30 40 3C 44 28 
10 28 44 0C 50 50 50 3C 44 64 54 4C 44 00 08 36 
41 00 00 00 7F 00 00 00 41 36 08 00 00 44 7C 40 
00 00 10 08 08 10 08 00 02 00 02 00 00 02 01 02 
00 00 01 02 00 00 00 00 02 01 00 00 80 40 00 00 
7E 43 43 7E 00 7E 73 73 7E 00 7E 7F 7F 7E 00 20 
3C 7E 3C 20 05 44 35 F0 F8 01 35 90 20 00 03 20 
C2 44 05 02 2C 3C D2 B3 05 02 0C 20 05 44 35 F0 
F8 01 35 90 40 00 06 20 05 44 35 F0 07 00 C2 45 
03 02 1D 3C D2 B3 05 02 0C 20 05 44 35 F0 80 01 
35 90 80 00 06 20 05 44 35 F0 7F 00 C2 45 02 02 
0E 3C D2 B3 05 02 0B 24 05 44 35 F0 80 01 35 90 
80 00 05 20 05 44 35 F0 7F 00 C2 45 04 02 E2 B3 
03 00 FD 27 C2 44 67 00 D2 B3 65 00 FD 23 34 B0 
00 01 24 24 E2 B3 05 02 11 24 D2 53 03 02 F2 90 
06 00 03 02 0A 28 C2 43 03 02 D2 53 02 02 F2 90 
54 00 02 02 02 28 C2 43 02 02 10 3C D2 53 02 02 
F2 90 54 00 02 02 0A 28 C2 43 02 02 D2 53 03 02 
F2 90 06 00 03 02 02 28 C2 43 03 02 30 41 92 12 
08 02 B1 B0 00 01 02 00 03 24 92 12 0C 02 02 3C 
92 12 0E 02 14 41 02 00 B0 12 D4 CC 92 12 0A 02 
30 41 21 82 3F 40 88 00 5F 91 06 00 04 28 F1 90 
20 00 06 00 03 2C F1 40 3F 00 06 00 3F 40 7E 00 
5F 91 06 00 04 2C D2 41 06 00 06 02 35 3C 81 43 
00 00 2F 42 2F 91 29 38 5F 41 06 00 7F 80 20 00 
0E 4F 0E 5E 0E 5E 0F 5E 2E 41 0E 5F D1 4E C6 CA 
02 00 C2 93 06 02 0D 24 5F 42 06 02 7F 80 7F 00 
0E 4F 0E 5E 0E 5E 0F 5E 2E 41 0E 5F D1 DE A2 CC 
02 00 3F 40 00 01 5E 41 02 00 0F DE 0F 12 B0 12 
9E CD 21 53 91 53 00 00 D4 3F 30 12 00 01 B0 12 
9E CD 21 53 C2 43 06 02 21 52 30 41 21 83 81 43 
00 00 2F 41 1F 51 04 00 CF 93 00 00 0A 24 2F 41 
1F 51 04 00 6F 12 B0 12 C2 CD 21 53 91 53 00 00 
F0 3F 21 53 30 41 21 83 D1 42 05 02 00 00 D2 B3 
05 02 05 24 30 12 20 00 B0 12 9E CD 21 53 3F 40 
80 00 1F D1 06 00 0F 12 B0 12 9E CD 21 53 3F 40 
40 00 1F D1 04 00 0F 12 B0 12 9E CD 21 53 D1 92 
05 02 00 00 05 24 6F 41 0F 12 B0 12 9E CD 21 53 
21 53 30 41 D4 42 02 02 00 00 D5 42 03 02 00 00 
30 41 21 83 03 12 03 12 B0 12 86 CE 21 52 B1 40 
F7 01 00 00 81 93 00 00 08 38 30 12 00 01 B0 12 
9E CD 21 53 B1 53 00 00 F5 3F 21 53 30 41 30 12 
21 00 B0 12 9E CD 21 53 34 40 0A 00 B0 12 00 C0 
30 12 04 00 B0 12 9E CD 21 53 30 12 13 00 B0 12 
9E CD 21 53 30 12 BA 00 B0 12 9E CD 21 53 30 12 
20 00 B0 12 9E CD 21 53 30 12 0C 00 B0 12 9E CD 
21 53 30 41 21 83 D1 42 05 02 00 00 D2 B3 05 02 
05 20 30 12 21 00 B0 12 9E CD 21 53 1F 41 04 00 
3F F0 7F 00 3E 40 80 00 0E DF 0E 12 B0 12 9E CD 
21 53 D1 92 05 02 00 00 05 24 6F 41 0F 12 B0 12 
9E CD 21 53 21 53 30 41 31 80 0C 00 1F 41 14 00 
0F 5F 0E 4F 0E 5E 0F 5E 0F 12 11 12 16 00 B0 12 
86 CE 21 52 11 12 1A 00 11 12 1A 00 11 12 16 00 
30 12 0C 00 0F 41 3F 52 0F 12 B0 12 A4 C9 31 50 
0A 00 30 12 0C 00 0F 41 2F 53 0F 12 B0 12 5C CE 
21 52 31 50 0C 00 30 41 82 44 08 02 82 45 0A 02 
82 46 0C 02 82 47 0E 02 30 41 C2 43 02 02 C2 43 
03 02 C2 43 04 02 F2 40 24 00 05 02 C2 43 06 02 
30 41 4B 4F 00 00 4E 43 00 00 4F 4B 00 00 52 61 
64 69 6F 20 72 65 6C 61 79 20 72 65 73 65 74 0A 
00 00 0E 6E 22 06 01 FF 00 FF 52 53 43 48 4F 00 
FF FF FF FF FF FF FF FF FF FF FF FF FF FF FF FF 
FF FF FF FF FF FF FF FF FF FF FF FF FF FF FF FF 
FF FF FF FF FF FF FF FF 29 00 02 FF 29 00 10 FF 
28 00 01 FF 03 00 08 FF 6D 00 01 FF 6F 00 6E 00 
00 00 82 10 29 00 08 FF 29 00 04 FF 20 00 08 FF 
03 00 02 FF 65 00 01 FF 67 00 66 00 10 02 32 D0 
6E 52 46 32 34 4C 30 31 2B 72 65 6C 61 79 00 00 
2D 2D 57 64 74 20 72 65 73 65 74 2D 2D 2D 00 00 
2D 2D 2D 2D 2D 2D 2D 2D 2D 2D 2D 2D 2D 2D 00 00 
72 20 20 20 20 20 20 20 20 20 20 20 20 20 00 00 
65 4F 4B 20 20 20 20 20 20 20 20 20 20 20 00 00 
65 4B 4F 20 20 20 20 20 20 20 20 20 20 20 00 00 
43 6F 6E 66 20 61 70 70 6C 69 65 64 20 20 00 00 
43 6F 6E 66 20 61 62 6F 72 74 65 64 20 20 00 00 
43 6F 6E 66 20 6D 73 67 20 65 72 72 6F 72 00 00 
53 65 72 76 69 63 65 73 3A 20 00 00 43 6F 6E 66 
20 4F 4B 2C 2D 3E 68 6F 73 74 00 00 4E 63 68 67 
20 4F 4B 2C 2D 3E 68 6F 73 74 00 00 F2 C0 20 00 
29 00 30 41 F2 D0 20 00 29 00 30 41 F2 D0 40 00 
29 00 30 41 F2 C0 40 00 29 00 30 41 31 82 1F 42 
8C D0 DF B2 8E D0 00 00 A3 20 F1 40 27 00 00 00 
F1 40 70 00 01 00 34 40 84 D0 35 40 26 C0 26 43 
07 41 08 41 28 53 B0 12 36 C0 F1 B0 10 00 02 00 
12 24 F1 40 E1 00 00 00 34 40 84 D0 35 40 26 C0 
16 43 07 41 08 41 28 53 B0 12 36 C0 92 53 82 02 
82 63 84 02 7B 3C F1 B0 20 00 02 00 77 24 92 53 
7E 02 82 63 80 02 F1 B0 40 00 02 00 6F 24 F1 40 
60 00 00 00 34 40 84 D0 35 40 26 C0 26 43 07 41 
08 41 28 53 B0 12 36 C0 5F 41 03 00 5F 53 81 4F 
04 00 3F 40 21 00 1F 91 04 00 0D 34 F1 40 E2 00 
00 00 34 40 84 D0 35 40 26 C0 16 43 07 41 08 43 
B0 12 36 C0 3B 3C F2 40 61 00 3A 02 34 40 84 D0 
35 40 26 C0 16 41 04 00 37 40 3A 02 38 40 3A 02 
B0 12 36 C0 5F 42 3B 02 1F 92 1E 03 15 20 A1 43 
06 00 1F 41 04 00 1F 83 1F 91 06 00 0C 38 30 12 
8C 02 1F 41 08 00 5F 12 3A 02 B0 12 72 C4 21 52 
91 53 06 00 EE 3F 09 3C B2 92 8A 02 06 24 B2 90 
09 00 8A 02 02 24 92 83 1E 03 B2 92 8A 02 06 24 
B2 90 09 00 8A 02 02 24 92 43 8A 02 F1 40 17 00 
00 00 34 40 84 D0 35 40 26 C0 26 43 07 41 08 41 
28 53 B0 12 36 C0 D1 B3 03 00 91 27 D2 43 10 02 
31 52 30 41 C2 93 10 02 0D 20 32 C2 03 43 1F 42 
8C D0 DF B2 8E D0 00 00 02 24 32 D0 D8 00 B0 12 
7C D1 F0 3F F2 40 A0 00 18 02 34 40 84 D0 35 40 
26 C0 16 42 16 02 37 40 18 02 08 43 B0 12 36 C0 
34 40 84 D0 35 40 26 C0 B0 12 02 C4 92 43 16 02 
30 41 1F 42 16 02 DF 41 02 00 18 02 92 53 16 02 
B2 90 21 00 16 02 02 38 B0 12 D4 D2 30 41 31 80 
06 00 1F 42 70 D0 DF B2 72 D0 00 00 E7 20 F2 43 
5C 02 34 40 68 D0 35 40 26 C0 16 43 37 40 5C 02 
38 40 5C 02 B0 12 36 C0 F2 B0 40 00 5C 02 C0 24 
34 40 68 D0 35 40 26 C0 B0 12 34 C4 5F 42 5C 02 
7F F0 0E 00 81 4F 02 00 11 11 02 00 5F 42 86 10 
81 9F 02 00 7F 34 1F 41 02 00 0F 5F 0F 5F 0F 5F 
5F 4F 88 10 5F 53 81 4F 04 00 91 93 04 00 27 20 
F2 40 60 00 5C 02 34 40 68 D0 35 40 26 C0 26 43 
37 40 5C 02 38 40 5C 02 B0 12 36 C0 5F 42 5D 02 
5F 53 81 4F 04 00 3F 40 21 00 1F 91 04 00 0F 34 
F2 40 E2 00 5C 02 34 40 68 D0 35 40 26 C0 16 43 
37 40 5C 02 08 43 B0 12 36 C0 81 43 04 00 81 93 
04 00 47 24 92 53 86 02 82 63 88 02 B2 40 03 00 
14 02 3F 40 70 00 0F 12 B0 12 22 D3 21 53 1F 41 
02 00 3F 50 30 00 0F 12 B0 12 22 D3 21 53 F2 40 
61 00 5C 02 34 40 68 D0 35 40 26 C0 16 41 04 00 
37 40 5C 02 38 40 5C 02 B0 12 36 C0 91 43 00 00 
1F 41 04 00 1F 83 2F 91 1A 38 2F 41 FF 90 5C 00 
5C 02 05 24 2F 41 FF 90 70 00 5C 02 06 20 3F 40 
5C 00 0F 12 B0 12 22 D3 21 53 2F 41 5F 4F 5C 02 
0F 12 B0 12 22 D3 21 53 91 53 00 00 E1 3F B0 12 
D4 D2 0D 3C F2 40 E2 00 5C 02 34 40 68 D0 35 40 
26 C0 16 43 37 40 5C 02 08 43 B0 12 36 C0 F2 40 
27 00 5C 02 F2 40 40 00 5D 02 34 40 68 D0 35 40 
26 C0 26 43 37 40 5C 02 08 43 B0 12 36 C0 F2 40 
17 00 5C 02 34 40 68 D0 35 40 26 C0 26 43 37 40 
5C 02 38 40 5C 02 B0 12 36 C0 D2 B3 5D 02 46 27 
F2 40 27 00 5C 02 F2 40 70 00 5D 02 34 40 68 D0 
35 40 26 C0 26 43 37 40 5C 02 08 43 B0 12 36 C0 
34 40 68 D0 35 40 26 C0 B0 12 2A C4 31 50 06 00 
30 41 92 91 02 00 20 03 11 24 3F 40 70 00 0F 12 
B0 12 22 D3 21 53 1F 41 02 00 3F 50 30 00 0F 12 
B0 12 22 D3 21 53 92 41 02 00 20 03 11 12 06 00 
B0 12 22 D3 21 53 30 41 B1 90 70 00 04 00 04 24 
B1 90 5C 00 04 00 08 20 3F 40 5C 00 0F 12 11 12 
06 00 B0 12 22 D5 21 52 11 12 06 00 11 12 06 00 
B0 12 22 D5 21 52 30 41 21 83 81 43 00 00 2F 41 
1F 51 06 00 CF 93 00 00 0D 24 2F 41 1F 51 06 00 
6F 4F 0F 12 11 12 08 00 B0 12 58 D5 21 52 91 53 
00 00 ED 3F 21 53 30 41 21 83 81 43 00 00 0F 43 
1F 91 06 00 0F 34 2F 41 1F 51 08 00 6F 4F 0F 12 
11 12 08 00 B0 12 58 D5 21 52 91 53 00 00 91 83 
06 00 ED 3F 21 53 30 41 F2 C0 40 00 2A 00 F2 D0 
40 00 29 00 F2 D0 40 00 2F 00 F2 B0 40 00 28 00 
FC 27 C2 93 11 02 09 20 F2 C0 40 00 2B 00 F2 D0 
40 00 2C 00 F2 D0 40 00 2D 00 30 41 F2 C0 40 00 
2D 00 F2 D0 40 00 2A 00 F2 D0 40 00 29 00 F2 C0 
40 00 2F 00 30 41 34 40 68 D0 35 40 26 C0 B0 12 
34 C4 30 12 26 C0 30 12 68 D0 B0 12 76 C1 21 52 
30 12 26 C0 30 12 68 D0 B0 12 1E C1 21 52 34 40 
68 D0 35 40 26 C0 B0 12 2A C4 92 43 1E 03 30 41 
31 80 0A 00 91 41 0E 00 00 00 2F 41 EF 93 00 00 
04 24 B2 40 05 00 8A 02 73 3C 2F 41 3E 40 06 00 
5E 9F 06 00 0B 28 2F 41 5F 4F 06 00 0F 5F 0F 5F 
0F 5F 3E 42 0E 5F 1E 91 0C 00 04 24 B2 40 07 00 
8A 02 5E 3C C1 43 02 00 B1 40 80 10 06 00 A1 41 
08 00 91 41 0C 00 04 00 C1 93 02 00 14 20 0F 43 
1F 91 04 00 10 34 A1 83 04 00 1F 41 08 00 1E 41 
06 00 AF 9E 00 00 02 24 D1 43 02 00 A1 53 08 00 
A1 53 06 00 E9 3F C1 93 02 00 37 24 B1 40 80 10 
06 00 A1 41 08 00 B2 40 00 A5 2C 01 B2 40 02 A5 
28 01 1F 41 06 00 8F 43 00 00 B2 40 40 A5 28 01 
91 41 0C 00 04 00 0F 43 1F 91 04 00 0D 34 A1 83 
04 00 1F 41 06 00 1E 41 08 00 AF 4E 00 00 A1 53 
08 00 A1 53 06 00 EF 3F B2 40 00 A5 28 01 B2 40 
10 A5 2C 01 B0 12 36 D6 5F 42 81 10 0F 12 B0 12 
54 CF 21 53 B2 42 8A 02 03 3C B2 40 09 00 8A 02 
31 50 0A 00 30 41 34 40 8C 02 B0 12 6E C6 30 12 
8C 02 B0 12 4A C5 21 53 30 12 8C 02 11 12 06 00 
B0 12 7A C5 21 52 30 12 8C 02 11 12 0A 00 11 12 
0A 00 B0 12 EA C5 31 50 06 00 30 12 8C 02 B0 12 
62 C5 21 53 30 12 41 00 30 12 D6 02 12 12 18 03 
30 12 07 00 B0 12 B8 D5 31 52 B0 12 D4 D2 30 41 
92 43 1E 03 30 12 03 00 30 12 12 D0 12 12 1E 03 
B0 12 76 D7 31 50 06 00 A2 43 8A 02 30 41 03 12 
30 12 05 00 B0 12 86 CE 21 52 11 12 06 00 11 12 
06 00 B0 12 5C CE 21 52 30 41 D2 B2 00 02 23 00 
03 24 D2 C2 00 02 23 00 B1 C0 F0 00 00 00 00 13 
D2 B2 01 02 2B 00 03 24 D2 C2 01 02 2B 00 F2 B0 
40 00 2D 00 13 24 F2 B0 40 00 2B 00 0F 24 D2 E3 
21 00 F2 C0 40 00 2B 00 F2 C0 40 00 2D 00 A2 42 
60 01 B2 40 10 01 60 01 D2 43 11 02 B1 C0 F0 00 
00 00 00 13 82 43 60 01 C2 43 11 02 F2 B0 40 00 
2A 00 06 20 F2 C0 40 00 2B 00 F2 D0 40 00 2D 00 
00 13 92 83 14 02 02 20 82 43 20 01 B1 C0 F0 00 
00 00 00 13 B2 40 80 5A 20 01 D2 43 10 02 C2 43 
11 02 D2 B3 02 00 02 24 1F 43 01 3C 0F 43 C2 4F 
12 02 82 43 7E 02 82 43 80 02 82 43 82 02 82 43 
84 02 82 43 86 02 82 43 88 02 82 43 8A 02 92 43 
16 02 B2 43 20 03 B2 40 03 00 14 02 34 40 5C D1 
35 40 64 D1 36 40 6C D1 37 40 74 D1 B0 12 E8 CF 
B2 40 6B A5 2A 01 F2 40 F6 00 41 00 C2 43 27 00 
D2 43 21 00 F2 40 F6 00 26 00 D2 43 22 00 C2 43 
24 00 C2 43 23 00 C2 43 42 00 C2 43 2E 00 C2 43 
2F 00 F2 40 34 00 29 00 F2 40 FE 00 2A 00 C2 43 
2C 00 C2 43 2B 00 C2 43 19 00 C2 43 1A 00 F2 43 
10 00 C2 43 58 00 F2 93 F9 10 0C 24 34 40 35 82 
B0 12 00 C0 C2 43 56 00 D2 42 F9 10 57 00 D2 42 
F8 10 56 00 F2 D0 B0 00 57 00 F2 40 24 00 53 00 
D2 D3 61 00 F2 40 A9 00 60 00 F2 40 81 00 61 00 
F2 42 62 00 D2 C3 61 00 D2 D3 69 00 F2 40 A9 00 
68 00 F2 40 81 00 69 00 F2 42 6A 00 D2 C3 69 00 
E2 C3 02 00 34 40 0A 01 B0 12 00 C0 E2 B3 02 00 
F7 23 D2 C3 02 00 D2 D3 00 00 32 D2 B2 40 10 00 
62 01 B2 40 2B 01 72 01 82 43 60 01 B2 40 14 5A 
20 01 34 40 68 D0 35 40 26 C0 B0 12 88 C0 34 40 
84 D0 35 40 26 C0 B0 12 88 C0 F2 D0 80 00 29 00 
B0 12 0E CF B0 12 E2 CE F2 93 81 10 06 24 5F 42 
81 10 0F 12 B0 12 54 CF 21 53 D2 C3 21 00 30 12 
0F 00 30 12 A0 D0 B0 12 5C CE 21 52 C2 93 12 02 
08 24 30 12 0F 00 30 12 B0 D0 B0 12 5C CE 21 52 
07 3C 30 12 0F 00 30 12 C0 D0 B0 12 5C CE 21 52 
30 12 0F 00 30 12 D0 D0 B0 12 5C CE 21 52 30 12 
0F 00 30 12 E0 D0 B0 12 5C CE 21 52 30 12 0F 00 
30 12 F0 D0 B0 12 5C CE 21 52 30 12 26 C0 30 12 
84 D0 B0 12 76 C1 21 52 30 12 26 C0 30 12 84 D0 
B0 12 1E C1 21 52 34 40 8C 02 05 43 36 40 70 D6 
07 43 B0 12 58 C4 03 12 12 12 14 02 30 12 0B 00 
13 12 30 12 03 00 70 12 2D 00 B0 12 98 CF 31 50 
0C 00 B0 12 7C D1 82 93 8A 02 18 20 C2 93 12 02 
05 20 1F 42 82 D0 FF 93 04 00 03 20 B0 12 D0 D7 
0C 3C B0 12 36 D6 B2 40 0B 00 8A 02 30 12 0F 00 
30 12 00 D1 B0 12 EE D7 21 52 E5 3C 92 93 8A 02 
10 20 92 53 1E 03 30 12 03 00 30 12 16 D0 12 12 
1E 03 B0 12 76 D7 31 50 06 00 B2 40 03 00 8A 02 
D2 3C B2 90 03 00 8A 02 06 24 A2 92 8A 02 03 24 
A2 93 8A 02 0D 20 92 53 8A 02 30 12 03 00 30 12 
16 D0 12 12 1E 03 B0 12 76 D7 31 50 06 00 BB 3C 
B2 90 05 00 8A 02 0D 20 30 12 0F 00 30 12 10 D1 
B0 12 EE D7 21 52 92 43 1E 03 B2 40 06 00 8A 02 
AA 3C B2 90 07 00 8A 02 0A 20 30 12 0F 00 30 12 
20 D1 B0 12 EE D7 21 52 B0 12 D0 D7 9C 3C B2 92 
8A 02 04 24 B2 90 09 00 8A 02 95 20 34 40 8C 02 
B0 12 6E C6 30 12 8C 02 B0 12 4A C5 21 53 30 12 
8C 02 12 12 1E 03 B0 12 7A C5 21 52 30 12 8C 02 
30 12 03 00 30 12 1A D0 B0 12 EA C5 31 50 06 00 
30 12 8C 02 B0 12 62 C5 21 53 B2 43 20 03 30 12 
41 00 30 12 D6 02 12 12 18 03 30 12 07 00 B0 12 
B8 D5 31 52 B0 12 D4 D2 30 12 13 00 30 12 1E D0 
30 12 06 00 B0 12 88 D5 31 50 06 00 30 12 0B 00 
30 12 30 D1 30 12 06 00 B0 12 88 D5 31 50 06 00 
82 43 22 03 5F 42 86 10 5F 83 5F 92 22 03 2D 38 
1F 42 22 03 3F 50 30 00 0F 12 30 12 06 00 B0 12 
22 D5 21 52 3F 40 2F 00 0F 12 30 12 06 00 B0 12 
22 D5 21 52 1F 42 22 03 0F 5F 0F 5F 0F 5F 30 12 
06 00 3F 50 8A 10 0F 12 30 12 06 00 B0 12 88 D5 
31 50 06 00 3F 40 20 00 0F 12 30 12 06 00 B0 12 
22 D5 21 52 92 53 22 03 CD 3F 30 12 0A 00 30 12 
06 00 B0 12 22 D5 21 52 B0 12 D4 D2 B2 92 8A 02 
08 20 30 12 0F 00 30 12 3C D1 B0 12 EE D7 21 52 
07 3C 30 12 0F 00 30 12 4C D1 B0 12 EE D7 21 52 
B2 40 0A 00 8A 02 12 12 88 02 12 12 86 02 30 12 
04 00 23 12 30 12 0A 00 70 12 20 00 B0 12 98 CF 
31 50 0C 00 12 12 80 02 12 12 7E 02 30 12 04 00 
30 12 03 00 30 12 0A 00 70 12 20 00 B0 12 98 CF 
31 50 0C 00 12 12 84 02 12 12 82 02 30 12 04 00 
30 12 04 00 30 12 0A 00 70 12 20 00 B0 12 98 CF 
31 50 0C 00 B0 12 3E D3 B0 12 E8 D5 1F 42 8C D0 
DF B2 8E D0 00 00 08 24 1F 42 70 D0 DF B2 72 D0 
00 00 02 24 32 D0 D8 00 B0 12 1C D6 AC 3E 30 41 
31 40 00 04 B0 12 3E C4 B0 12 FA CF B0 12 94 D8 
32 D0 10 00 FD 3F 
@FFE0
50 DD 50 DD 0A D8 20 D8 50 DD 50 DD 50 DD 50 DD 
50 DD 64 D8 82 D8 50 DD 50 DD 50 DD 50 DD 40 DD 
q
